 scal   -EI      E1      E2      E3     -EO     -E1I    -E2I    -E3I     EOI    -E12    -E13    -EO1    -E23    -EO2    -EO3     E12I    E13I    EO1I    E23I    EO2I    EO3I   -E123    EO12    EO13    EO23    E123I  -EO12I  -EO13I  -EO23I   EO123  -EO123I ;
 EO     -EOI     EO1     EO2     EO3    0      -EO1I   -EO2I   -EO3I   0      -EO12   -EO13   0      -EO23   0      0       EO12I   EO13I  0       EO23I  0      0      -EO123  0      0      0       EO123I 0      0      0      0      0      ;
 E1     -E1I    0       E12     E13     EO1    0      -E12I   -E13I   -EO1I   0      0      0      -E123    EO12    EO13   0      0      0       E123I  -EO12I  -EO13I  0      0      0      -EO123  0      0      0       EO123I 0      0      ;
 E2     -E2I    -E12    0       E23     EO2     E12I   0      -E23I   -EO2I   0       E123   -EO12   0      0       EO23   0      -E123I   EO12I  0      0      -EO23I  0      0       EO123  0      0      0      -EO123I 0      0      0      ;
 E3     -E3I    -E13    -E23    0       EO3     E13I    E23I   0      -EO3I   -E123   0      -EO13   0      -EO23   0       E123I  0       EO13I  0       EO23I  0      0      -EO123  0      0      0       EO123I 0      0      0      0      ;
 EI     0      -E1I    -E2I    -E3I     EOI    0      0      0      0      -E12I   -E13I   -EO1I   -E23I   -EO2I   -EO3I   0      0      0      0      0      0       E123I  -EO12I  -EO13I  -EO23I  0      0      0      0       EO123I 0      ;
 EO1    -EO1I   0       EO12    EO13   0      0      -EO12I  -EO13I  0      0      0      0      -EO123  0      0      0      0      0       EO123I 0      0      0      0      0      0      0      0      0      0      0      0      ;
 EO2    -EO2I   -EO12   0       EO23   0       EO12I  0      -EO23I  0      0       EO123  0      0      0      0      0      -EO123I 0      0      0      0      0      0      0      0      0      0      0      0      0      0      ;
 EO3    -EO3I   -EO13   -EO23   0      0       EO13I   EO23I  0      0      -EO123  0      0      0      0      0       EO123I 0      0      0      0      0      0      0      0      0      0      0      0      0      0      0      ;
 EOI    0      -EO1I   -EO2I   -EO3I   0      0      0      0      0      -EO12I  -EO13I  0      -EO23I  0      0      0      0      0      0      0      0       EO123I 0      0      0      0      0      0      0      0      0      ;
 E12    -E12I   0      0       E123   -EO12   0      0      -E123I   EO12I  0      0      0      0      0      -EO123  0      0      0      0      0       EO123I 0      0      0      0      0      0      0      0      0      0      ;
 E13    -E13I   0      -E123   0      -EO13   0       E123I  0       EO13I  0      0      0      0       EO123  0      0      0      0      0      -EO123I 0      0      0      0      0      0      0      0      0      0      0      ;
 E1I    0      0      -E12I   -E13I   -EO1I   0      0      0      0      0      0      0      -E123I   EO12I   EO13I  0      0      0      0      0      0      0      0      0       EO123I 0      0      0      0      0      0      ;
 E23    -E23I    E123   0      0      -EO23   -E123I  0      0       EO23I  0      0      -EO123  0      0      0      0      0       EO123I 0      0      0      0      0      0      0      0      0      0      0      0      0      ;
 E2I    0       E12I   0      -E23I   -EO2I   0      0      0      0      0       E123I  -EO12I  0      0       EO23I  0      0      0      0      0      0      0      0      -EO123I 0      0      0      0      0      0      0      ;
 E3I    0       E13I    E23I   0      -EO3I   0      0      0      0      -E123I  0      -EO13I  0      -EO23I  0      0      0      0      0      0      0      0       EO123I 0      0      0      0      0      0      0      0      ;
 EO12   -EO12I  0      0       EO123  0      0      0      -EO123I 0      0      0      0      0      0      0      0      0      0      0      0      0      0      0      0      0      0      0      0      0      0      0      ;
 EO13   -EO13I  0      -EO123  0      0      0       EO123I 0      0      0      0      0      0      0      0      0      0      0      0      0      0      0      0      0      0      0      0      0      0      0      0      ;
 EO1I   0      0      -EO12I  -EO13I  0      0      0      0      0      0      0      0      -EO123I 0      0      0      0      0      0      0      0      0      0      0      0      0      0      0      0      0      0      ;
 EO23   -EO23I   EO123  0      0      0      -EO123I 0      0      0      0      0      0      0      0      0      0      0      0      0      0      0      0      0      0      0      0      0      0      0      0      0      ;
 EO2I   0       EO12I  0      -EO23I  0      0      0      0      0      0       EO123I 0      0      0      0      0      0      0      0      0      0      0      0      0      0      0      0      0      0      0      0      ;
 EO3I   0       EO13I   EO23I  0      0      0      0      0      0      -EO123I 0      0      0      0      0      0      0      0      0      0      0      0      0      0      0      0      0      0      0      0      0      ;
 E123   -E123I  0      0      0       EO123  0      0      0      -EO123I 0      0      0      0      0      0      0      0      0      0      0      0      0      0      0      0      0      0      0      0      0      0      ;
 E12I   0      0      0      -E123I   EO12I  0      0      0      0      0      0      0      0      0      -EO123I 0      0      0      0      0      0      0      0      0      0      0      0      0      0      0      0      ;
 E13I   0      0       E123I  0       EO13I  0      0      0      0      0      0      0      0       EO123I 0      0      0      0      0      0      0      0      0      0      0      0      0      0      0      0      0      ;
 E23I   0      -E123I  0      0       EO23I  0      0      0      0      0      0      -EO123I 0      0      0      0      0      0      0      0      0      0      0      0      0      0      0      0      0      0      0      ;
 EO123  -EO123I 0      0      0      0      0      0      0      0      0      0      0      0      0      0      0      0      0      0      0      0      0      0      0      0      0      0      0      0      0      0      ;
 EO12I  0      0      0      -EO123I 0      0      0      0      0      0      0      0      0      0      0      0      0      0      0      0      0      0      0      0      0      0      0      0      0      0      0      ;
 EO13I  0      0       EO123I 0      0      0      0      0      0      0      0      0      0      0      0      0      0      0      0      0      0      0      0      0      0      0      0      0      0      0      0      ;
 EO23I  0      -EO123I 0      0      0      0      0      0      0      0      0      0      0      0      0      0      0      0      0      0      0      0      0      0      0      0      0      0      0      0      0      ;
 E123I  0      0      0      0      -EO123I 0      0      0      0      0      0      0      0      0      0      0      0      0      0      0      0      0      0      0      0      0      0      0      0      0      0      ;
 EO123I 0      0      0      0      0      0      0      0      0      0      0      0      0      0      0      0      0      0      0      0      0      0      0      0      0      0      0      0      0      0      0      ;
